mass_A
t	x	y
2.724000000E2	-5.242487532E-6	4.569140509E-6
2.724333333E2	-5.368860313E-6	4.632135039E-6
2.724666667E2	-5.374872946E-6	4.626324214E-6
2.725000000E2	-5.379102775E-6	4.622352935E-6
2.725333333E2	-5.289507289E-6	4.794494738E-6
2.725666667E2	-5.290047617E-6	4.800877990E-6
2.726000000E2	-5.289440715E-6	4.804815378E-6
2.726333333E2	-5.289823983E-6	4.806467041E-6
2.726666667E2	-5.288104885E-6	4.807101967E-6
2.727000000E2	-5.288940540E-6	4.807886452E-6
2.727333333E2	-5.061751952E-6	4.767821964E-6
2.727666667E2	-5.057330355E-6	4.765346497E-6
2.728000000E2	-5.185813650E-6	4.863618098E-6
2.728333333E2	-5.189654489E-6	4.861629779E-6
2.728666667E2	-5.191020173E-6	4.860603248E-6
2.729000000E2	-5.192165948E-6	4.859667787E-6
2.729333333E2	-5.152044691E-6	4.731987940E-6
2.729666667E2	-5.149940843E-6	4.723541660E-6
2.730000000E2	-5.147437945E-6	4.721782171E-6
2.730333333E2	-5.147099901E-6	4.718496139E-6
2.730666667E2	-5.057831695E-6	4.702700582E-6
2.731000000E2	-5.055716713E-6	4.707617992E-6
2.731333333E2	-5.053940317E-6	4.709794663E-6
2.731666667E2	-5.052728386E-6	4.711039378E-6
2.732000000E2	-4.944272726E-6	4.538948512E-6
2.732333333E2	-4.948488270E-6	4.531799430E-6
2.732666667E2	-4.949928412E-6	4.527687894E-6
2.733000000E2	-4.951097465E-6	4.525781903E-6
2.733333333E2	-4.770016304E-6	4.632482300E-6
2.733666667E2	-4.767592581E-6	4.627508573E-6
2.734000000E2	-4.765932179E-6	4.624653968E-6
2.734333333E2	-4.764605465E-6	4.622071974E-6
2.734666667E2	-4.857207058E-6	4.604605859E-6
2.735000000E2	-4.857467041E-6	4.609633859E-6
2.735333333E2	-4.857438153E-6	4.610565081E-6
2.735666667E2	-4.857544019E-6	4.612783005E-6
2.736000000E2	-4.853974103E-6	4.616659074E-6
2.736333333E2	-4.855411146E-6	4.616632592E-6
2.736666667E2	-4.856418495E-6	4.616055235E-6
2.737000000E2	-4.856867872E-6	4.616384245E-6
2.737333333E2	-5.148752647E-6	4.592691247E-6
2.737666667E2	-5.148055607E-6	4.579954523E-6
2.738000000E2	-5.147816346E-6	4.575077205E-6
2.738333333E2	-5.147425222E-6	4.572572788E-6
2.738666667E2	-5.239011985E-6	4.474493081E-6
2.739000000E2	-5.240188130E-6	4.473917496E-6
2.739333333E2	-5.241131838E-6	4.473579677E-6
2.739666667E2	-5.241577664E-6	4.473396923E-6
2.740000000E2	-4.954640122E-6	4.510446826E-6
2.740333333E2	-4.954463988E-6	4.516235765E-6
2.740666667E2	-4.954418636E-6	4.518542090E-6
2.741000000E2	-4.954354420E-6	4.519473827E-6
2.741333333E2	-5.057369765E-6	4.521861087E-6
2.741666667E2	-5.054856171E-6	4.521559746E-6
2.742000000E2	-5.053139773E-6	4.521415932E-6
2.742333333E2	-5.052172983E-6	4.521256776E-6
2.742666667E2	-5.197961001E-6	4.401347817E-6
2.743000000E2	-5.196674030E-6	4.410357088E-6
2.743333333E2	-5.197065963E-6	4.414814343E-6
2.743666667E2	-5.196218323E-6	4.418474965E-6
2.744000000E2	-5.091968374E-6	4.314614059E-6
2.744333333E2	-5.094665465E-6	4.320409161E-6
2.744666667E2	-5.095756538E-6	4.322634031E-6
2.745000000E2	-5.096630943E-6	4.324689633E-6
2.745333333E2	-5.097732528E-6	4.412950780E-6
2.745666667E2	-5.097947094E-6	4.417254685E-6
2.746000000E2	-5.098444901E-6	4.419513922E-6
2.746333333E2	-5.098530968E-6	4.421039891E-6
2.746666667E2	-5.042585155E-6	4.593698188E-6
2.747000000E2	-5.045702250E-6	4.603948418E-6
2.747333333E2	-5.047289853E-6	4.609109086E-6
2.747666667E2	-5.048386827E-6	4.612227171E-6
2.748000000E2	-4.987358528E-6	4.720169142E-6
2.748333333E2	-4.993793690E-6	4.717679493E-6
2.748666667E2	-4.997089085E-6	4.716436155E-6
2.749000000E2	-4.999084689E-6	4.715460049E-6
2.749333333E2	-4.984062878E-6	4.752798349E-6
2.749666667E2	-4.991955938E-6	4.757189290E-6
2.750000000E2	-4.995296208E-6	4.756910751E-6
2.750333333E2	-4.998050148E-6	4.758936637E-6
2.750666667E2	-4.941675832E-6	4.826213417E-6
2.751000000E2	-4.947682875E-6	4.819340087E-6
2.751333333E2	-4.950484999E-6	4.817133264E-6
2.751666667E2	-4.951981549E-6	4.814301196E-6
2.752000000E2	-4.906027177E-6	4.663453681E-6
2.752333333E2	-4.906273107E-6	4.664371463E-6
2.752666667E2	-4.905786008E-6	4.664444619E-6
2.753000000E2	-4.905759035E-6	4.664590086E-6
2.753333333E2	-4.933435868E-6	4.669736081E-6
2.753666667E2	-4.943079874E-6	4.668228495E-6
2.754000000E2	-4.947014932E-6	4.667735484E-6
2.754333333E2	-4.949770242E-6	4.666888784E-6
2.754666667E2	-4.906920161E-6	4.574222411E-6
2.755000000E2	-4.906274107E-6	4.572392356E-6
2.755333333E2	-4.906343241E-6	4.570885366E-6
2.755666667E2	-4.906205851E-6	4.570293055E-6
2.756000000E2	-4.861757009E-6	4.475172492E-6
2.756333333E2	-4.860444634E-6	4.474640259E-6
2.756666667E2	-4.860459465E-6	4.473130730E-6
2.757000000E2	-4.859640429E-6	4.473079234E-6
2.757333333E2	-4.800775749E-6	4.545202259E-6
2.757666667E2	-4.804056325E-6	4.555128448E-6
2.758000000E2	-4.805851334E-6	4.560088375E-6
2.758333333E2	-4.807390249E-6	4.563363785E-6
2.758666667E2	-4.842293579E-6	4.552387297E-6
2.759000000E2	-4.849023576E-6	4.558550261E-6
2.759333333E2	-4.852363433E-6	4.561795683E-6
2.759666667E2	-4.854447746E-6	4.564320081E-6
2.760000000E2	-4.968402755E-6	4.683658586E-6
2.760333333E2	-4.963147406E-6	4.676501868E-6
2.760666667E2	-4.960134024E-6	4.672279199E-6
2.761000000E2	-4.958154501E-6	4.669770742E-6
2.761333333E2	-4.884864492E-6	4.837608286E-6
2.761666667E2	-4.894117386E-6	4.845262024E-6
2.762000000E2	-4.899161470E-6	4.850994139E-6
2.762333333E2	-4.901900226E-6	4.853329188E-6
2.762666667E2	-4.911113570E-6	4.965303460E-6
2.763000000E2	-4.910010429E-6	4.961459256E-6
2.763333333E2	-4.908821358E-6	4.958917248E-6
2.763666667E2	-4.868407052E-6	5.164827843E-6
2.764000000E2	-4.864365872E-6	5.157409388E-6
2.764333333E2	-4.862977045E-6	5.153470496E-6
2.764666667E2	-4.861356569E-6	5.151008672E-6
2.765000000E2	-4.750040198E-6	5.182118254E-6
2.765333333E2	-4.754648985E-6	5.187726973E-6
2.765666667E2	-4.757537724E-6	5.190544102E-6
2.766000000E2	-4.759046098E-6	5.192068972E-6
2.766333333E2	-4.712137015E-6	5.140764845E-6
2.766666667E2	-4.712596040E-6	5.143651091E-6
2.767000000E2	-4.713176705E-6	5.144710162E-6
2.767333333E2	-4.713306388E-6	5.145122180E-6
2.767666667E2	-4.700613200E-6	5.249191573E-6
2.768000000E2	-4.706292424E-6	5.247032560E-6
2.768333333E2	-4.709070718E-6	5.245529395E-6
2.768666667E2	-4.710714376E-6	5.244557487E-6
2.769000000E2	-4.626303904E-6	5.421775312E-6
2.769333333E2	-4.622780582E-6	5.427082760E-6
2.769666667E2	-4.621935973E-6	5.429335519E-6
2.770000000E2	-4.621496763E-6	5.430779386E-6
2.770333333E2	-4.492162076E-6	5.371147929E-6
2.770666667E2	-4.485364666E-6	5.378712520E-6
2.771000000E2	-4.481191629E-6	5.381638247E-6
2.771333333E2	-4.478167923E-6	5.383645720E-6
2.771666667E2	-4.467543015E-6	5.369569774E-6
2.772000000E2	-4.470165198E-6	5.376124111E-6
2.772333333E2	-4.471855230E-6	5.380738030E-6
2.772666667E2	-4.472359893E-6	5.383019712E-6
2.773000000E2	-4.471491895E-6	5.380097776E-6
2.773333333E2	-4.472043009E-6	5.382466820E-6
2.773666667E2	-4.472391265E-6	5.384131620E-6
2.774000000E2	-4.472719921E-6	5.385021512E-6
2.774333333E2	-4.632035947E-6	5.312056052E-6
2.774666667E2	-4.626786185E-6	5.303893212E-6
2.775000000E2	-4.623523595E-6	5.299391937E-6
2.775333333E2	-4.621088710E-6	5.296398441E-6
2.775666667E2	-4.486282938E-6	5.475797808E-6
2.776000000E2	-4.481267281E-6	5.478507001E-6
2.776333333E2	-4.477891904E-6	5.480410567E-6
2.776666667E2	-4.476778293E-6	5.480982578E-6
2.777000000E2	-4.431996270E-6	5.539326062E-6
2.777333333E2	-4.429523376E-6	5.535891229E-6
2.777666667E2	-4.429075291E-6	5.534520567E-6
2.778000000E2	-4.427626686E-6	5.533227478E-6
2.778333333E2	-4.516416964E-6	5.551729893E-6
2.778666667E2	-4.518513240E-6	5.542794327E-6
2.779000000E2	-4.519843970E-6	5.538321677E-6
2.779333333E2	-4.520377506E-6	5.535610972E-6
2.779666667E2	-4.561506381E-6	5.329284062E-6
2.780000000E2	-4.560868747E-6	5.329662168E-6
2.780333333E2	-4.563917436E-6	5.332884200E-6
2.780666667E2	-4.566070616E-6	5.334793189E-6
2.781000000E2	-4.513638813E-6	5.322422873E-6
2.781333333E2	-4.516412553E-6	5.328967370E-6
2.781666667E2	-4.518365190E-6	5.332699567E-6
2.782000000E2	-4.519403506E-6	5.334799152E-6
2.782333333E2	-4.338395413E-6	5.327511471E-6
2.782666667E2	-4.334609971E-6	5.331622222E-6
2.783000000E2	-4.332821625E-6	5.334045965E-6
2.783333333E2	-4.331508796E-6	5.335638251E-6
2.783666667E2	-4.156968641E-6	5.067460073E-6
2.784000000E2	-4.148544660E-6	5.061077924E-6
2.784333333E2	-4.145632018E-6	5.056794919E-6
2.784666667E2	-4.142259183E-6	5.054557190E-6
2.785000000E2	-4.135554762E-6	5.147898617E-6
2.785333333E2	-4.135757174E-6	5.147494717E-6
2.785666667E2	-4.135757098E-6	5.147064640E-6
2.786000000E2	-4.135991091E-6	5.146855511E-6
2.786333333E2	-3.982862569E-6	5.192107916E-6
2.786666667E2	-3.986908579E-6	5.193203859E-6
2.787000000E2	-3.989210183E-6	5.194032586E-6
2.787333333E2	-3.990409433E-6	5.194301328E-6
2.787666667E2	-3.976631660E-6	5.151062543E-6
2.788000000E2	-3.983333921E-6	5.149382690E-6
2.788333333E2	-3.986256777E-6	5.147938434E-6
2.788666667E2	-3.988496223E-6	5.147496099E-6
2.789000000E2	-3.960120395E-6	5.103041559E-6
2.789333333E2	-3.953586386E-6	5.101207366E-6
2.789666667E2	-3.950923375E-6	5.100625128E-6
2.790000000E2	-3.948030530E-6	5.099417706E-6
2.790333333E2	-4.069658356E-6	5.039578442E-6
2.790666667E2	-4.078541612E-6	5.044281554E-6
2.791000000E2	-4.082985479E-6	5.046436591E-6
2.791333333E2	-4.085025361E-6	5.047959767E-6
2.791666667E2	-4.089665521E-6	5.058086976E-6
2.792000000E2	-4.089286935E-6	5.055547338E-6
2.792333333E2	-4.089661176E-6	5.054121374E-6
2.792666667E2	-4.089233644E-6	5.052843837E-6
2.793000000E2	-4.089082757E-6	5.052430146E-6
2.793333333E2	-4.088887615E-6	5.051779090E-6
2.793666667E2	-4.290424568E-6	5.113300587E-6
2.794000000E2	-4.287193792E-6	5.106632303E-6
2.794333333E2	-4.291411159E-6	5.180537888E-6
2.794666667E2	-4.287575199E-6	5.186705479E-6
2.795000000E2	-4.285199674E-6	5.189580947E-6
2.795333333E2	-4.283751754E-6	5.191428606E-6
2.795666667E2	-4.277244140E-6	5.331792989E-6
2.796000000E2	-4.278388651E-6	5.335549543E-6
2.796333333E2	-4.279171872E-6	5.336914525E-6
2.796666667E2	-4.279705246E-6	5.337657488E-6
2.797000000E2	-4.280028839E-6	5.338074541E-6
2.797333333E2	-4.280251994E-6	5.338328034E-6
2.797666667E2	-4.296146768E-6	5.331683855E-6
2.798000000E2	-4.289953284E-6	5.334176633E-6
2.798333333E2	-4.184803525E-6	5.332396922E-6
2.798666667E2	-4.184824157E-6	5.334771154E-6
2.799000000E2	-4.131579448E-6	5.335008503E-6
2.799333333E2	-4.133737475E-6	5.336478723E-6
2.799666667E2	-4.134020216E-6	5.337147662E-6
2.800000000E2	-4.133623168E-6	5.337236585E-6
2.800333333E2	-4.045902958E-6	5.348335432E-6
2.800666667E2	-4.043884977E-6	5.344900165E-6
2.801000000E2	-4.042995773E-6	5.343035981E-6
2.801333333E2	-3.994537561E-6	5.148535806E-6
2.801666667E2	-3.993734838E-6	5.147868527E-6
2.802000000E2	-3.993364976E-6	5.147435067E-6
2.802333333E2	-3.993033922E-6	5.147143743E-6
2.802666667E2	-3.947124603E-6	5.378559775E-6
2.803000000E2	-3.946630006E-6	5.382505682E-6
2.803333333E2	-3.945650978E-6	5.384370129E-6
2.803666667E2	-3.945334309E-6	5.385245162E-6
2.804000000E2	-4.070871340E-6	5.437199861E-6
2.804333333E2	-4.078967662E-6	5.436472282E-6
2.804666667E2	-4.082225725E-6	5.435961853E-6
2.805000000E2	-4.084521827E-6	5.435703320E-6
2.805333333E2	-3.935807904E-6	5.734287873E-6
2.805666667E2	-3.939111510E-6	5.730398936E-6
2.806000000E2	-3.941075566E-6	5.729201266E-6
2.806333333E2	-3.942057855E-6	5.727066933E-6
2.806666667E2	-3.940120787E-6	5.737694575E-6
2.807000000E2	-3.941681057E-6	5.732167322E-6
2.807333333E2	-3.942154281E-6	5.728803918E-6
2.807666667E2	-3.943017114E-6	5.726994195E-6
2.808000000E2	-4.058877737E-6	5.642623345E-6
2.808333333E2	-4.052110878E-6	5.636788665E-6
2.808666667E2	-4.048126612E-6	5.633875869E-6
2.809000000E2	-4.045531603E-6	5.631889148E-6
2.809333333E2	-4.141045473E-6	5.512963456E-6
2.809666667E2	-4.139611274E-6	5.520056447E-6
2.810000000E2	-4.140387685E-6	5.523252223E-6
2.810333333E2	-4.138985404E-6	5.526195883E-6
2.810666667E2	-4.180026061E-6	5.679889161E-6
2.811000000E2	-4.182426413E-6	5.678191786E-6
2.811333333E2	-4.183689932E-6	5.678049672E-6
2.811666667E2	-4.184174617E-6	5.677117293E-6
2.812000000E2	-4.239061948E-6	5.628867007E-6
2.812333333E2	-4.236762713E-6	5.628456099E-6
2.812666667E2	-4.235963527E-6	5.628634326E-6
2.813000000E2	-4.234950185E-6	5.628197984E-6
2.813333333E2	-4.126887136E-6	5.391794705E-6
2.813666667E2	-4.131420597E-6	5.389693333E-6
2.814000000E2	-4.133428310E-6	5.388793017E-6
2.814333333E2	-4.134533615E-6	5.388174545E-6
2.814666667E2	-4.132861619E-6	5.482647723E-6
2.815000000E2	-4.134462339E-6	5.482919594E-6
2.815333333E2	-4.135050190E-6	5.483266179E-6
2.815666667E2	-4.135589592E-6	5.483234216E-6
2.816000000E2	-4.169937248E-6	5.487436691E-6
2.816333333E2	-4.176921760E-6	5.486102854E-6
2.816666667E2	-4.180294336E-6	5.485678426E-6
2.817000000E2	-4.182027896E-6	5.484921599E-6
2.817333333E2	-4.177144947E-6	5.584458378E-6
2.817666667E2	-4.180369366E-6	5.582818399E-6
2.818000000E2	-4.181158720E-6	5.582171715E-6
2.818333333E2	-4.182568026E-6	5.581234996E-6
2.818666667E2	-4.330180946E-6	5.458173717E-6
2.819000000E2	-4.329653321E-6	5.446782341E-6
2.819333333E2	-4.519892804E-6	5.341621789E-6
2.819666667E2	-4.520478278E-6	5.340278862E-6
2.820000000E2	-4.520558594E-6	5.339788297E-6
2.820333333E2	-4.521001652E-6	5.339308161E-6
2.820666667E2	-4.707297555E-6	5.227511162E-6
2.821000000E2	-4.710146705E-6	5.233585738E-6
2.821333333E2	-4.711420049E-6	5.237286847E-6
2.821666667E2	-4.712202029E-6	5.239095312E-6
2.822000000E2	-4.724010288E-6	5.195773158E-6
2.822333333E2	-4.720935122E-6	5.195027444E-6
2.822666667E2	-4.719072647E-6	5.193098584E-6
2.823000000E2	-4.717576870E-6	5.193717884E-6
2.823333333E2	-4.696103147E-6	5.173964340E-6
2.823666667E2	-4.703574382E-6	5.182657603E-6
2.824000000E2	-4.709648954E-6	5.188886116E-6
2.824333333E2	-4.711112646E-6	5.190952833E-6
2.824666667E2	-4.666174783E-6	5.272500163E-6
2.825000000E2	-4.666114672E-6	5.280011398E-6
2.825333333E2	-4.666837212E-6	5.285282794E-6
2.825666667E2	-4.666591926E-6	5.287297152E-6
2.826000000E2	-4.560485174E-6	5.284394415E-6
2.826333333E2	-4.564090626E-6	5.286488519E-6
2.826666667E2	-4.566246815E-6	5.287901101E-6
2.827000000E2	-4.567469290E-6	5.288824450E-6
2.827333333E2	-4.375001659E-6	5.364148667E-6
2.827666667E2	-4.375946540E-6	5.373794340E-6
2.828000000E2	-4.377608309E-6	5.380154448E-6
2.828333333E2	-4.377447786E-6	5.382656840E-6
2.828666667E2	-4.460813204E-6	5.485120446E-6
2.829000000E2	-4.466325170E-6	5.484625363E-6
2.829333333E2	-4.468283614E-6	5.484026490E-6
2.829666667E2	-4.470005802E-6	5.483738544E-6
2.830000000E2	-4.391002598E-6	5.539333984E-6
2.830333333E2	-4.386059820E-6	5.535725393E-6
2.830666667E2	-4.383171190E-6	5.533901426E-6
2.831000000E2	-4.381187894E-6	5.532916868E-6
2.831333333E2	-4.528228016E-6	5.763867021E-6
2.831666667E2	-4.525744014E-6	5.767310366E-6
2.832000000E2	-4.524951350E-6	5.768946411E-6
2.832333333E2	-4.523551171E-6	5.770030413E-6
2.832666667E2	-4.729241545E-6	5.962418777E-6
2.833000000E2	-4.723364915E-6	5.963216442E-6
2.833333333E2	-4.720116989E-6	5.962406270E-6
2.833666667E2	-4.717958152E-6	5.963003225E-6
2.834000000E2	-4.797625436E-6	5.855648342E-6
2.834333333E2	-4.802041342E-6	5.860220737E-6
2.834666667E2	-4.804790352E-6	5.862648248E-6
2.835000000E2	-4.806356809E-6	5.864496148E-6
2.835333333E2	-4.895846919E-6	5.876615714E-6
2.835666667E2	-4.899535554E-6	5.873669550E-6
2.836000000E2	-4.901650305E-6	5.871326936E-6
2.836333333E2	-4.903113689E-6	5.870227852E-6
2.836666667E2	-4.859204110E-6	5.725811843E-6
2.837000000E2	-4.860649241E-6	5.725596924E-6
2.837333333E2	-4.859537188E-6	5.724980441E-6
2.837666667E2	-4.859075966E-6	5.724518701E-6
2.838000000E2	-4.765566601E-6	5.673252096E-6
2.838333333E2	-4.765152097E-6	5.673980180E-6
2.838666667E2	-4.765310470E-6	5.675110820E-6
2.839000000E2	-4.729638188E-6	5.685906109E-6
2.839333333E2	-4.722737226E-6	5.682248843E-6
2.839666667E2	-4.720572618E-6	5.680859954E-6
2.840000000E2	-4.720773003E-6	5.680378752E-6
2.840333333E2	-4.764078626E-6	5.483240777E-6
2.840666667E2	-4.763421162E-6	5.483402666E-6
2.841000000E2	-4.764473286E-6	5.482407977E-6
2.841333333E2	-4.763734860E-6	5.482816207E-6
2.841666667E2	-4.617727936E-6	5.578076381E-6
2.842000000E2	-4.617609616E-6	5.578431127E-6
2.842333333E2	-4.617648154E-6	5.578602565E-6
2.842666667E2	-4.617672060E-6	5.578861211E-6
2.843000000E2	-4.550058222E-6	5.895063192E-6
2.843333333E2	-4.559429278E-6	5.905190269E-6
2.843666667E2	-4.563607362E-6	5.910289952E-6
2.844000000E2	-4.565866104E-6	5.912683945E-6
2.844333333E2	-4.518354636E-6	5.730537151E-6
2.844666667E2	-4.519531103E-6	5.728257517E-6
2.845000000E2	-4.520187147E-6	5.727232764E-6
2.845333333E2	-4.521324439E-6	5.725665096E-6
2.845666667E2	-4.410909516E-6	5.888979643E-6
2.846000000E2	-4.417715696E-6	5.881621405E-6
2.846333333E2	-4.420204228E-6	5.875898463E-6
2.846666667E2	-4.421960614E-6	5.872931192E-6
2.847000000E2	-4.291986927E-6	5.880069109E-6
2.847333333E2	-4.288576311E-6	5.875503573E-6
2.847666667E2	-4.285810757E-6	5.873001636E-6
2.848000000E2	-4.285464028E-6	5.871068318E-6
2.848333333E2	-4.326985292E-6	5.774415297E-6
2.848666667E2	-4.327748267E-6	5.773249526E-6
2.849000000E2	-4.328734039E-6	5.772953934E-6
2.849333333E2	-4.328757681E-6	5.772581614E-6
2.849666667E2	-4.423545695E-6	5.631293930E-6
2.850000000E2	-4.423779405E-6	5.631902207E-6
2.850333333E2	-4.425659319E-6	5.629844945E-6
2.850666667E2	-4.425562705E-6	5.628787536E-6
2.851000000E2	-4.374573929E-6	5.624398894E-6
2.851333333E2	-4.375648176E-6	5.625466191E-6
2.851666667E2	-4.376894186E-6	5.626372114E-6
2.852000000E2	-4.377483440E-6	5.626249299E-6
2.852333333E2	-4.278943681E-6	5.665455631E-6
2.852666667E2	-4.279603195E-6	5.669975148E-6
2.853000000E2	-4.279700001E-6	5.672489084E-6
2.853333333E2	-4.280091823E-6	5.673687612E-6
2.853666667E2	-4.367560971E-6	5.575274988E-6
2.854000000E2	-4.371559134E-6	5.576684416E-6
2.854333333E2	-4.371371221E-6	5.576395235E-6
2.854666667E2	-4.373424339E-6	5.577560374E-6
2.855000000E2	-4.382611868E-6	5.638264350E-6
2.855333333E2	-4.380663990E-6	5.633760634E-6
2.855666667E2	-4.381184760E-6	5.631984921E-6
2.856000000E2	-4.379770800E-6	5.630412182E-6
2.856333333E2	-4.461825569E-6	5.537577580E-6
2.856666667E2	-4.466676728E-6	5.535607938E-6
2.857000000E2	-4.469364763E-6	5.534908245E-6
2.857333333E2	-4.470710897E-6	5.533668343E-6
2.857666667E2	-4.300344244E-6	5.424188379E-6
2.858000000E2	-4.292953957E-6	5.428429086E-6
2.858333333E2	-4.289890796E-6	5.431166715E-6
2.858666667E2	-4.286772160E-6	5.432627731E-6
2.859000000E2	-4.268628665E-6	5.148820093E-6
2.859333333E2	-4.274070809E-6	5.148057547E-6
2.859666667E2	-4.277384156E-6	5.148529052E-6
2.860000000E2	-4.278055948E-6	5.148469273E-6
2.860333333E2	-4.284235723E-6	5.039302649E-6
2.860666667E2	-4.283171202E-6	5.043688819E-6
2.861000000E2	-4.282487486E-6	5.046136508E-6
2.861333333E2	-4.282032999E-6	5.047619948E-6
2.861666667E2	-4.038849735E-6	5.112964546E-6
2.862000000E2	-4.039931151E-6	5.107231623E-6
2.862333333E2	-4.040584438E-6	5.104320716E-6
2.862666667E2	-4.040464593E-6	5.101912909E-6
2.863000000E2	-3.999473993E-6	5.026405827E-6
2.863333333E2	-3.996991720E-6	5.037935290E-6
2.863666667E2	-3.995554016E-6	5.043302348E-6
2.864000000E2	-3.994351855E-6	5.046089888E-6
2.864333333E2	-3.757296566E-6	5.105033949E-6
2.864666667E2	-3.755040094E-6	5.103059735E-6
2.865000000E2	-3.753469304E-6	5.102043184E-6
2.865333333E2	-3.752851836E-6	5.100808975E-6
2.865666667E2	-3.759572646E-6	5.128914549E-6
2.866000000E2	-3.757194356E-6	5.137035501E-6
2.866333333E2	-3.755573980E-6	5.141006602E-6
2.866666667E2	-3.754333040E-6	5.143207765E-6
2.867000000E2	-3.753306190E-6	5.292814563E-6
2.867333333E2	-3.753056729E-6	5.292071174E-6
2.867666667E2	-3.752561469E-6	5.292063825E-6
2.868000000E2	-3.752274010E-6	5.291568331E-6
2.868333333E2	-3.708569085E-6	5.184922805E-6
2.868666667E2	-3.706971059E-6	5.189064855E-6
2.869000000E2	-3.706131931E-6	5.190863989E-6
2.869333333E2	-3.705355120E-6	5.192216444E-6
2.869666667E2	-3.861655631E-6	5.379616756E-6
2.870000000E2	-3.856437630E-6	5.384517649E-6
2.870333333E2	-3.853490771E-6	5.385813651E-6
2.870666667E2	-3.851439632E-6	5.386186439E-6
2.871000000E2	-3.769643638E-6	5.298566582E-6
2.871333333E2	-3.762542638E-6	5.296221789E-6
2.871666667E2	-3.757763711E-6	5.295265725E-6
2.872000000E2	-3.755693419E-6	5.293767687E-6
2.872333333E2	-3.599011504E-6	5.384940369E-6
2.872666667E2	-3.603124010E-6	5.386031650E-6
2.873000000E2	-3.604674107E-6	5.386336352E-6
2.873333333E2	-3.605847300E-6	5.386531360E-6
2.873666667E2	-3.518788150E-6	5.387970576E-6
2.874000000E2	-3.516110157E-6	5.388146023E-6
2.874333333E2	-3.514832995E-6	5.388068037E-6
2.874666667E2	-3.513684484E-6	5.387769869E-6
2.875000000E2	-3.511188874E-6	5.471513339E-6
2.875333333E2	-3.511491011E-6	5.475767368E-6
2.875666667E2	-3.511446211E-6	5.478356556E-6
2.876000000E2	-3.511527897E-6	5.480037320E-6
2.876333333E2	-3.624822728E-6	5.433940964E-6
2.876666667E2	-3.618863757E-6	5.434614069E-6
2.877000000E2	-3.614945464E-6	5.434287736E-6
2.877333333E2	-3.526607556E-6	5.306708111E-6
2.877666667E2	-3.521070433E-6	5.299296657E-6
2.878000000E2	-3.517839670E-6	5.296491016E-6
2.878333333E2	-3.515566762E-6	5.294469619E-6
2.878666667E2	-3.421447250E-6	5.309287852E-6
2.879000000E2	-3.418993561E-6	5.301696323E-6
2.879333333E2	-3.417304068E-6	5.297846591E-6
2.879666667E2	-3.417094884E-6	5.296216956E-6
2.880000000E2	-3.416478156E-6	5.121426733E-6
2.880333333E2	-3.416235118E-6	5.112170833E-6
2.880666667E2	-3.416012322E-6	5.107047089E-6
2.881000000E2	-3.415851716E-6	5.103968358E-6
2.881333333E2	-3.466403465E-6	5.293411578E-6
2.881666667E2	-3.465298271E-6	5.292655130E-6
2.882000000E2	-3.464551456E-6	5.292137146E-6
2.882333333E2	-3.464115844E-6	5.291792774E-6
2.882666667E2	-3.382103632E-6	5.302348127E-6
2.883000000E2	-3.376088581E-6	5.298041598E-6
2.883333333E2	-3.373011139E-6	5.295576696E-6
2.883666667E2	-3.371047913E-6	5.293947452E-6
2.884000000E2	-3.414271557E-6	5.371944689E-6
2.884333333E2	-3.415029568E-6	5.378084869E-6
2.884666667E2	-3.416555626E-6	5.381213254E-6
2.885000000E2	-3.416084151E-6	5.383316223E-6
2.885333333E2	-3.648927507E-6	5.414217843E-6
2.885666667E2	-3.651463078E-6	5.425123854E-6
2.886000000E2	-3.653453113E-6	5.429767312E-6
2.886333333E2	-3.654286482E-6	5.431976084E-6
2.886666667E2	-3.737699704E-6	5.535996845E-6
2.887000000E2	-3.744194392E-6	5.534614624E-6
2.887333333E2	-3.748269115E-6	5.533208626E-6
2.887666667E2	-3.749807719E-6	5.532698941E-6
2.888000000E2	-3.656278540E-6	5.545707568E-6
2.888333333E2	-3.656236010E-6	5.539951435E-6
2.888666667E2	-3.656337496E-6	5.537080911E-6
2.889000000E2	-3.656072269E-6	5.535071491E-6
2.889333333E2	-3.555589036E-6	5.557905183E-6
2.889666667E2	-3.556949088E-6	5.568599391E-6
2.890000000E2	-3.556367703E-6	5.577078838E-6
2.890333333E2	-3.557494012E-6	5.577924354E-6
2.890666667E2	-3.461485735E-6	5.679253170E-6
2.891000000E2	-3.462248873E-6	5.677746718E-6
2.891333333E2	-3.462787479E-6	5.676747221E-6
2.891666667E2	-3.463006213E-6	5.676331568E-6
2.892000000E2	-3.501801011E-6	5.871218102E-6
2.892333333E2	-3.506015456E-6	5.870204651E-6
2.892666667E2	-3.508074120E-6	5.869519198E-6
2.893000000E2	-3.509308079E-6	5.869071831E-6
2.893333333E2	-3.560716132E-6	5.676800753E-6
2.893666667E2	-3.560204599E-6	5.676401016E-6
2.894000000E2	-3.560678723E-6	5.675813495E-6
2.894333333E2	-3.560273132E-6	5.675677244E-6
2.894666667E2	-3.603326814E-6	5.863017291E-6
2.895000000E2	-3.604429130E-6	5.864263418E-6
2.895333333E2	-3.605350020E-6	5.865601823E-6
2.895666667E2	-3.606082693E-6	5.866340013E-6
2.896000000E2	-3.741821130E-6	5.968786325E-6
2.896333333E2	-3.745443052E-6	5.967636182E-6
2.896666667E2	-3.749781924E-6	5.966879704E-6
2.897000000E2	-3.750471218E-6	5.966022522E-6
2.897333333E2	-3.586242238E-6	6.021387774E-6
2.897666667E2	-3.594915541E-6	6.017516626E-6
2.898000000E2	-3.599973553E-6	6.015486288E-6
2.898333333E2	-3.602743026E-6	6.014299000E-6
2.898666667E2	-3.451720662E-6	6.155566862E-6
2.899000000E2	-3.455775707E-6	6.156139200E-6
2.899333333E2	-3.458266542E-6	6.156200829E-6
2.899666667E2	-3.459894746E-6	6.156299189E-6
2.900000000E2	-3.427262548E-6	6.065047161E-6
2.900333333E2	-3.422144276E-6	6.063303567E-6
2.900666667E2	-3.419543099E-6	6.062311217E-6
2.901000000E2	-3.417973755E-6	6.061643198E-6
2.901333333E2	-3.417241579E-6	6.061522519E-6
2.901666667E2	-3.416600805E-6	6.061134104E-6
2.902000000E2	-3.270384871E-6	6.053852938E-6
2.902333333E2	-3.270678821E-6	6.056614985E-6
2.902666667E2	-3.122722780E-6	6.154449817E-6
2.903000000E2	-3.124077767E-6	6.154947375E-6
2.903333333E2	-3.124292038E-6	6.155292383E-6
2.903666667E2	-3.124949223E-6	6.155597869E-6
2.904000000E2	-2.971458163E-6	6.103574119E-6
2.904333333E2	-2.976578165E-6	6.107031243E-6
2.904666667E2	-2.978585403E-6	6.107764435E-6
2.905000000E2	-2.980014589E-6	6.107950841E-6
2.905333333E2	-2.848896620E-6	6.150575350E-6
2.905666667E2	-2.844504813E-6	6.152424708E-6
2.906000000E2	-2.842235548E-6	6.153864329E-6
2.906333333E2	-2.840773071E-6	6.154728862E-6
2.906666667E2	-2.744519870E-6	6.163299098E-6
2.907000000E2	-2.743483750E-6	6.160870429E-6
2.907333333E2	-2.742923060E-6	6.159471462E-6
2.907666667E2	-2.742535538E-6	6.158551301E-6
2.908000000E2	-2.645899783E-6	6.331185693E-6
2.908333333E2	-2.646317246E-6	6.338908165E-6
2.908666667E2	-2.647278872E-6	6.342667654E-6
2.909000000E2	-2.646775860E-6	6.344736066E-6
2.909333333E2	-2.835798102E-6	6.260136332E-6
2.909666667E2	-2.836716737E-6	6.257818782E-6
2.910000000E2	-2.838309145E-6	6.257283653E-6
2.910333333E2	-2.838234100E-6	6.255763609E-6
2.910666667E2	-2.926250346E-6	6.269253470E-6
2.911000000E2	-2.929676996E-6	6.263710670E-6
2.911333333E2	-2.931711200E-6	6.259830066E-6
2.911666667E2	-2.932530158E-6	6.257417638E-6
2.912000000E2	-2.830410906E-6	6.328649161E-6
2.912333333E2	-2.833223071E-6	6.336862151E-6
2.912666667E2	-2.834778702E-6	6.341380345E-6
2.913000000E2	-2.835797814E-6	6.344001962E-6
2.913333333E2	-2.845578949E-6	6.454081972E-6
2.913666667E2	-2.842771297E-6	6.450862764E-6
2.914000000E2	-2.840951889E-6	6.448808105E-6
2.914333333E2	-2.840008382E-6	6.447654582E-6
2.914666667E2	-2.874861657E-6	6.345614369E-6
2.915000000E2	-2.879449273E-6	6.346698716E-6
2.915333333E2	-2.881819894E-6	6.347389099E-6
2.915666667E2	-2.877947241E-6	6.277964907E-6
2.916000000E2	-2.880882175E-6	6.290364456E-6
2.916333333E2	-2.882869632E-6	6.295345810E-6
2.916666667E2	-2.883898272E-6	6.297526770E-6
2.917000000E2	-3.135917536E-6	6.419425869E-6
2.917333333E2	-3.132931463E-6	6.410126332E-6
2.917666667E2	-3.130945181E-6	6.405007169E-6
2.918000000E2	-3.129341806E-6	6.401959590E-6
2.918333333E2	-3.197786424E-6	6.538726160E-6
2.918666667E2	-3.187564210E-6	6.539721088E-6
2.919000000E2	-3.182227007E-6	6.540687159E-6
2.919333333E2	-3.179442255E-6	6.540902078E-6
2.919666667E2	-3.085679787E-6	6.680331954E-6
2.920000000E2	-3.087016950E-6	6.681189995E-6
2.920333333E2	-3.083843173E-6	6.683538752E-6
2.920666667E2	-3.081948110E-6	6.684296791E-6
2.921000000E2	-3.143254280E-6	6.778989974E-6
2.921333333E2	-3.135796855E-6	6.780229620E-6
2.921666667E2	-3.131515882E-6	6.780778709E-6
2.922000000E2	-3.129639442E-6	6.781129727E-6
2.922333333E2	-3.168745670E-6	6.955708255E-6
2.922666667E2	-3.170767452E-6	6.963134914E-6
2.923000000E2	-3.172211839E-6	6.966661146E-6
2.923333333E2	-3.173051697E-6	6.969497855E-6
2.923666667E2	-3.040083897E-6	6.919222537E-6
2.924000000E2	-3.036551794E-6	6.921826581E-6
2.924333333E2	-3.035346700E-6	6.923831672E-6
2.924666667E2	-3.033431224E-6	6.924637235E-6
2.925000000E2	-3.082523812E-6	7.022095603E-6
2.925333333E2	-3.081033779E-6	7.022173795E-6
2.925666667E2	-3.080202550E-6	7.022282875E-6
2.926000000E2	-3.079587844E-6	7.022264375E-6
2.926333333E2	-3.224257369E-6	7.132634126E-6
2.926666667E2	-3.223889850E-6	7.127449807E-6
2.927000000E2	-3.223516914E-6	7.124394478E-6
2.927333333E2	-3.223256925E-6	7.122261051E-6
2.927666667E2	-3.422793359E-6	7.177047370E-6
2.928000000E2	-3.419967103E-6	7.172395204E-6
2.928333333E2	-3.418290722E-6	7.170489801E-6
2.928666667E2	-3.417223619E-6	7.168980928E-6
2.929000000E2	-3.584412469E-6	7.214381134E-6
2.929333333E2	-3.594866470E-6	7.214656432E-6
2.929666667E2	-3.600826974E-6	7.215272825E-6
2.930000000E2	-3.603754562E-6	7.215496685E-6
2.930333333E2	-3.407201537E-6	7.111155224E-6
2.930666667E2	-3.410124946E-6	7.113697465E-6
2.931000000E2	-3.411838113E-6	7.115340012E-6
2.931333333E2	-3.412872175E-6	7.116319638E-6
2.931666667E2	-3.278035154E-6	7.062173737E-6
2.932000000E2	-3.275263380E-6	7.065473314E-6
2.932333333E2	-3.275064813E-6	7.065957599E-6
2.932666667E2	-3.273595098E-6	7.067650457E-6
2.933000000E2	-3.298746090E-6	7.118059523E-6
2.933333333E2	-3.307341912E-6	7.118056382E-6
2.933666667E2	-3.310664344E-6	7.118346902E-6
2.934000000E2	-3.313562225E-6	7.118190794E-6
2.934333333E2	-3.466356235E-6	6.948063402E-6
2.934666667E2	-3.465629010E-6	6.938611017E-6
2.935000000E2	-3.464692423E-6	6.933441837E-6
2.935333333E2	-3.464130170E-6	6.930627338E-6
2.935666667E2	-3.499809777E-6	6.932459551E-6
2.936000000E2	-3.504731963E-6	6.930294913E-6
2.936333333E2	-3.507388952E-6	6.929024211E-6
2.936666667E2	-3.508725274E-6	6.928001211E-6
2.937000000E2	-3.604756167E-6	7.018776982E-6
2.937333333E2	-3.605613007E-6	7.019850867E-6
2.937666667E2	-3.497602425E-6	7.127442607E-6
2.938000000E2	-3.502587980E-6	7.124672356E-6
2.938333333E2	-3.505520247E-6	7.122820558E-6
2.938666667E2	-3.507518793E-6	7.121461724E-6
2.939000000E2	-3.605996175E-6	7.396834971E-6
2.939333333E2	-3.606542083E-6	7.400938208E-6
2.939666667E2	-3.607645797E-6	7.403096839E-6
2.940000000E2	-3.608485724E-6	7.403306788E-6
2.940333333E2	-3.519430462E-6	7.629788833E-6
2.940666667E2	-3.516667947E-6	7.639106294E-6
2.941000000E2	-3.514743802E-6	7.642532421E-6
2.941333333E2	-3.513644518E-6	7.644546685E-6
2.941666667E2	-3.524375887E-6	7.830323463E-6
